65535
99960
100023
99880
99981
99939
99948
99785
100131
99936
99985
99783
100035
100086
99896
99943
99982
99821
100091
99943
99934
99929
99998
99758
100135
99957
99947
99930
99985
99939
99988
99980
99888
99993
99950
99940
99945
99993
99929
99996
99931
99939
99986
99939
99993
100000
99895
99954
99952
99954
99990
99946
99848
100092
100002
99892
99979
99934
100081
99890
99930
99977
99989
99939
99979
99996
99919
99936
100036
99949
99950
99998
99938
99975
99979
99939
99941
100037
99994
99934
99941
99995
99930
99987
99945
99979
99981
99933
99991
99993
99939
99825
100039
100032
99953
99969
99931
99980
99978
99974
99923
99935
100020
99934
99978
99893
100023
99983
99945
99942
100004
99902
100002
99940
99890
100028
99985
99938
99930
99923
100023
99932
99978
99934
99946
99990
99945
99933
99976
99982
99894
100027
99937
99982
99974
99779
100124
99994
99925
99940
99976
99975
99984
99930
99976
99966
99930
99972
99987
99935
99933
99980
99983
99928
99986
99927
99930
99995
99993
99932
99977
99980
99883
100032
99930
99979
99932
99992
99942
99991
99936
99932
100000
100000
99988
99895
99899
100053
99940
100034
99932
99931
99985
99974
99974
99928
99974
100025
99931
99982
99947
99950
100009
99958
99943
100001
99946
99960
100006
99955
99952
99953
100011
99940
100062
99853
100055
100008
99966
100002
99961
99915
100044
99963
99962
99963
100006
100012
99962
99959
100009
99963
99999
99954
99851
100158
99962
99999
99958
100007
99910
100001
99998
100001
99947
99997
99810
100154
99951
100059
100007
99905
100010
99961
100000
99994
99943
99996
99845
100113
99942
100000
100004
99958
99947
99948
100003
100012
99951
100005
99946
100017
99900
100006
99959
100043
99954
99954
99996
99943
100004
99966
99955
99957
100047
99951
99957
99999
99962
100002
99913
100064
99899
100043
99947
100011
99950
99863
100107
99960
100006
99968
100011
100008
99900
99951
100012
99999
99963
99862
100156
99798
100090
100011
100001
99952
100002
99952
99866
100107
100010
99956
99999
99996
99957
100009
99967
100017
100008
99983
100046
99944
99947
100042
99996
100000
99945
100036
99996
99999
99983
99994
99996
99986
100041
99993
99986
99993
99997
99985
100028
99990
99985
100041
99985
100075
99932
99983
100018
99986
99994
100042
100084
99927
99976
100021
100028
99979
99881
100176
100028
99971
100030
99935
100084
99979
99936
100081
100034
99980
100025
100028
100023
99982
100027
99975
99932
100083
100036
100033
100031
100040
99983
99982
100068
99981
100026
100035
100039
99931
100096
99983
99968
100092
100039
100040
99993
99993
99983
100079
100071
99998
100047
100085
100033
99942
100130
100043
100040
100044
100044
100049
100032
100035
100034
100045
100001
100156
100007
100100
100048
100012
100055
100053
100055
100099
100052
99948
100151
99949
100246
99999
100054
100044
100059
100059
100102
99988
100091
100043
100089
100046
100040
100094
100049
100045
100055
100058
100056
100099
100036
100098
100038
100044
100094
100045
100099
99999
100101
100049
100107
100012
100105
100111
100012
100101
100006
100159
100004
100098
100052
99908
100195
100099
100051
100057
100062
100105
100049
100096
100048
100103
100055
100055
100058
100107
100055
100159
100012
100104
100043
100049
100105
100097
100001
99955
100256
100043
100105
100107
100049
100099
100049
100103
100092
100047
100084
100104
100050
100095
100097
100045
100108
100047
100088
100108
100050
100105
100053
100171
100001
100095
100060
100090
100095
100056
100102
100105
100051
100113
100047
100109
100154
100006
100097
100153
100066
100100
100058
100086
100085
100094
99997
100149
100102
100102
100060
100059
100107
100105
100095
100096
100050
100092
100097
100100
100093
100007
100161
100106
100059
100107
100093
99999
100193
100101
100097
100093
100117
100096
100097
100097
100105
100106
100097
100113
100101
100133
100095
100095
100101
100095
100091
100047
100247
100054
100153
100112
100104
100104
100154
100107
100107
100158
100103
100102
100106
100101
100152
100097
100153
100098
100116
100091
100202
99901
100333
100156
100096
100161
100162
100101
100097
100044
100241
100104
100181
100146
100138
100098
100192
100153
100095
100144
100085
100087
100229
100126
100147
100128
100144
100156
100141
100140
100131
100137
100199
100154
100104
100098
100241
100144
100145
100148
100149
100157
100098
100195
100110
100206
100148
100158
100147
100134
100180
100121
100192
100091
100194
100173
100149
100161
100005
100291
100158
100155
100052
100247
100198
100154
100142
100154
100141
100157
100158
100190
100148
100153
100144
100148
100133
100124
100194
100141
100164
100141
100150
100199
100055
100192
100162
100157
100139
100193
100144
100147
100150
100114
100162
100163
100152
100158
100100
100216
100099
100151
100163
100157
100149
100158
100163
100110
100157
100105
100052
100305
100153
99957
100358
100112
100205
100151
100148
100164
100154
100108
100197
100105
100161
100147
100157
100192
100099
100150
100204
100156
100108
100166
100188
100147
99988
100292
100160
100119
100151
100008
100298
100154
100111
100204
100117
100106
100149
100202
100109
100105
100158
100112
100146
99947
100292
100189
100091
100092
100182
100142
100085
100039
100244
100107
100140
100111
100092
100051
100209
100101
100105
100141
100098
100102
100133
100152
100085
100090
100143
100095
100100
100154
100062
100150
100108
100096
100105
100109
100109
100114
100155
100108
100061
100107
100108
100105
100104
100104
100106
100049
100145
100113
100104
100120
100099
100110
100161
100050
100110
100099
100055
100060
100197
100109
99958
100244
100093
100041
99997
100346
100058
100059
100109
100114
100110
100114
100109
100103
100109
100035
100150
100009
100107
100161
100110
100059
100103
100116
100098
100099
100043
100101
100101
99992
100257
99996
100101
100105
99898
100259
100096
100053
100155
100039
100097
100057
100106
100049
99951
100200
100099
100103
100059
100103
100059
100106
100060
100109
100067
100053
100103
100053
100107
100064
100112
100097
99903
100255
100059
100108
100051
100157
100054
100057
100084
100048
100149
100057
100107
100054
100099
100070
100099
100063
100104
100006
100198
100059
99913
100258
100102
100101
100057
100065
100105
100096
100039
100101
100095
100043
100150
100059
100054
100054
100108
100069
100104
100064
100054
100111
100102
100055
100005
100155
100066
100056
100056
100103
100068
100144
100056
100106
100054
100104
100049
100103
99957
100211
100007
100097
100115
100053
100056
100108
100057
100109
100064
100054
100095
100009
100153
100051
100055
100042
99908
100250
100091
100055
100053
100059
100108
100044
100099
100054
100047
100095
100038
99885
100229
99921
100182
100129
100045
100047
99895
100244
100087
100040
100047
99888
100245
99984
100095
100104
100052
100052
100053
100055
100041
100052
100092
100011
100085
100052
100057
100055
100048
100050
100052
100113
100004
100054
100062
100050
100068
100059
100053
100053
100057
99992
100101
100005
99951
100207
100014
100051
100057
100012
100108
100102
100044
99990
99848
100199
100099
100045
100050
100049
100045
99848
100250
100060
100002
100045
100056
100095
100005
100054
100040
100096
99987
100047
100086
100060
99998
100092
100043
100036
99893
100196
100048
99942
100139
100042
100077
100086
99987
100090
100038
100042
100076
100033
100045
100100
100051
99976
100137
99979
100073
100042
99995
100093
100047
100036
100077
100076
100072
100025
100039
100080
100025
100077
100025
100073
100042
100071
100021
100068
99982
100128
100081
100037
100039
100086
100066
100030
100028
100079
100023
100076
100022
100073
100067
99876
100225
100074
100025
100028
100128
100075
100023
100032
100087
100079
100071
100033
100121
100076
99976
100075
100031
100167
99981
100069
100078
100071
100080
100066
100078
100065
99870
100227
100035
100077
100075
100035
100095
100047
100091
100077
100021
100071
100074
100024
100028
99969
100126
100037
99973
100131
100030
100070
100027
100051
100043
100034
100127
99977
100043
100042
100034
100039
100079
100023
99992
100081
100026
100033
100076
99834
100196
100022
100039
100036
100035
100031
100071
100032
100025
100027
99978
100103
100054
100000
99994
100031
100084
100040
100043
100091
99942
100048
100028
100036
100039
100041
99989
100039
100041
100031
100033
100028
100031
99937
100127
100041
100040
99989
100036
99998
100078
99984
100044
100037
100036
99986
99973
100080
100032
99939
100081
100027
99986
100042
99992
100049
100002
100001
99956
100048
100049
100010
99956
100056
100001
99990
99988
99844
100180
99983
100009
99992
100045
99977
99986
99988
100028
99985
99993
99987
99985
100023
99993
99981
99978
99987
99883
100086
99986
100024
99931
100038
99989
99921
100038
99777
100146
99987
99929
99986
99976
99942
99985
99928
99977
100029
99928
99928
99982
99979
99934
99940
99989
99926
99992
99979
99925
99927
99974
99993
99934
99930
99975
99920
99988
99976
99879
99969
99932
99927
99941
99935
99925
99888
99990
99945
99903
99949
99937
99930
99994
99849
99948
99937
99889
99938
99938
99925
99938
99896
99934
99930
99920
99880
99990
99873
99891
99926
99926
99935
99926
99875
99947
99907
99926
99885
99933
99894
99891
99936
99987
99839
99940
99891
99898
99893
99942
99758
100051
99884
99946
99900
99897
99934
99804
100003
99894
99890
99940
99901
99899
99839
99950
99944
99878
99932
99824
99939
99943
99875
99929
99891
99754
100110
99851
99910
99898
99890
99806
100000
99894
99908
99902
99911
99913
99907
99909
99913
99892
99896
99929
99892
99888
99896
99901
99941
99851
100005
99792
99952
99802
100050
99846
99930
99888
99939
99799
99989
99951
99834
99984
99893
99938
99883
99748
100042
100050
99894
99885
99903
100010
99900
99803
100105
99853
99946
99904
99904
99959
99993
99894
99903
99757
100145
99893
99897
100004
99893
100003
99949
99904
99903
99991
99852
100047
99744
100138
99934
99943
99953
99945
99956
99940
99942
99936
99943
99945
99966
99952
99948
99958
100000
99902
100048
99857
99987
99936
99991
99955
99986
99938
99984
99925
99977
99829
100090
99995
99920
99972
99865
100081
99880
100077
99779
100079
99884
100127
99830
100123
100029
99932
99826
100125
100024
99969
99974
100024
99929
99978
100025
99934
99882
100121
99979
100016
99983
99986
99977
99872
100124
99976
99981
100023
100029
99972
99979
100071
99926
99874
100130
100021
99885
100071
100031
100026
99976
100017
99974
100076
99979
99983
100026
100025
100030
100024
100015
99974
100035
99986
100025
100020
100029
100031
100031
100030
100015
99998
99976
100084
100074
99986
100030
100029
100024
100023
100136
99918
100027
100133
99973
100023
100021
100074
99973
100071
100072
100019
100024
100029
100022
100028
100028
100083
100021
99980
100113
100021
100020
100065
100027
100071
99979
100075
100079
100021
100025
100066
100026
100025
100034
100068
100039
100025
100073
100023
100070
100025
100122
99974
99974
100071
100035
99923
100166
100028
100027
100075
99931
100180
100029
100023
100120
100024
99978
100022
100067
100023
100071
100018
100025
99888
100190
100040
100025
100079
100037
100031
100034
100119
99979
100082
99983
100029
100082
100031
100030
100070
100028
100028
100070
100026
100029
100015
100073
100024
100072
100031
100070
100030
100031
100026
100085
100031
99926
100129
100072
99985
100093
100023
100075
100025
100026
100024
100029
100075
100080
99979
100079
100021
100070
100021
100036
100036
100039
99843
100241
100045
100031
100033
100052
100049
99997
100051
99985
100138
99887
100083
100119
99977
100073
99929
100129
99976
100067
99934
99980
100118
100026
100020
100070
99825
100171
100021
100022
100027
100027
100032
99981
100066
99973
100031
100021
99985
100025
100030
99993
100046
99996
99987
100021
99996
100032
99988
100030
100022
99991
99982
100072
99933
99984
100018
100024
100024
100022
99891
100078
99932
100073
99989
99992
99977
99999
99986
100019
99778
100172
99980
99990
99993
99988
99992
99984
99932
100023
100024
99931
99985
99979
99974
100072
99877
99982
99986
99989
99930
100021
99975
99919
99980
100021
99975
99920
99971
99983
99976
99995
99928
100019
99922
99972
99967
99983
99931
99984
99940
100027
99972
99926
99834
100127
99975
99970
99977
99933
99925
100030
99927
99978
100024
99940
99934
100024
99975
99926
99978
99974
99970
99985
99986
99883
100023
99924
99932
99926
100092
99852
100040
99894
99990
99941
99989
99950
99941
99937
99883
99889
100127
99900
100032
99950
99931
99886
100029
99936
99960
99926
99974
99976
99922
99976
99969
99928
99945
100040
99893
99930
99972
99997
99897
99927
99977
99932
99937
100027
99875
99929
99980
99933
99989
99935
99945
99931
99989
99948
99901
99950
99937
100028
99885
100030
99823
100044
99936
99928
99910
99932
99948
99941
99929
99977
99919
99933
99993
99802
100043
99936
99894
99987
99988
99829
100027
99987
99933
99891
99990
99947
99792
100085
99881
99939
99940
99943
99985
99934
99885
99940
99940
99933
99934
99986
99882
99951
99801
100043
99985
99784
100040
99891
99939
99929
99940
99949
99927
99881
99930
99934
99982
99895
99946
99692
100169
99875
99973
99882
99942
99927
99927
99934
99934
99942
99928
99825
99836
100078
99814
100029
99935
99924
99875
99881
99932
99973
99922
99927
99939
99936
99880
99922
99929
99876
99973
99921
99878
99921
99883
99972
99926
99984
99876
99921
99969
99827
99926
99919
99928
99922
99914
99778
100030
99889
99833
100034
99882
99883
99973
99878
99878
99978
99882
99924
99827
100030
99886
99781
100020
99981
99884
99900
99940
99937
99883
99922
99884
99974
99878
99970
99933
99874
99974
99923
99878
99932
99975
99920
99882
99977
99883
99876
99992
99931
99935
99914
99919
99975
99881
99882
99988
99972
99928
99788
100072
99915
99975
99934
99923
99972
99931
99980
99919
99871
99996
99933
99933
99977
99931
99940
99921
99977
99917
99982
99970
99929
99922
99975
99976
99927
99973
99921
99970
99975
99934
99924
99975
99974
99972
99972
99929
99976
100030
99923
99970
99974
99887
100044
100037
99888
99889
100088
99973
99989
99933
99924
100025
99981
99975
99986
99936
100036
99842
100147
99933
99972
99993
99950
99990
99992
99935
100035
99989
99932
100027
99994
99979
99989
99988
99994
99995
100040
99894
99997
99985
99986
99983
100029
99843
100127
99982
99994
99989
99999
99942
99992
99999
99994
99946
100086
99939
99984
99993
99975
99932
100029
99991
99954
99996
100005
99995
100000
99901
100052
100044
99994
99798
99909
100205
99959
100016
99957
100005
100007
99951
100010
100009
99965
100001
99963
100009
99908
100054
99999
99999
99959
100007
100051
99809
100056
100068
99950
100005
99956
100010
100011
99956
100011
99809
100154
100004
100005
99956
100006
99810
100157
100007
99859
100045
100013
100010
99964
99957
99959
100050
100005
99909
100011
100008
100008
99964
99957
99999
99997
99965
99965
99958
100104
99852
100049
100002
99903
100053
99960
100104
99908
100008
99956
99757
100259
99999
99909
99861
100111
100008
99954
100008
100010
99958
99910
100095
100010
99916
100008
99998
99901
100100
99990
99901
100063
100012
100004
99950
100008
99890
100048
100000
100009
99997
99959
99842
100145
99867
100106
99999
99992
99996
99998
99955
99994
100007
100005
99846
100107
99997
99961
100017
100002
99961
99997
100005
100005
99948
100008
100057
99916
100007
99998
99961
100000
100005
99953
99950
100058
99965
100064
99908
100011
99966
100005
99954
100001
100006
99966
99964
100005
100002
100006
99955
100009
99951
99901
100103
99962
99945
100013
100006
99969
99953
99904
100043
99846
100158
99963
99960
100053
99915
100007
99948
100005
99954
99855
100109
100001
99955
99952
100006
100004
99960
100004
99962
100008
99960
100001
99958
100004
99958
100007
99815
100153
99904
100002
100007
99949
99962
100013
100013
99910
100008
100003
99949
100004
99955
99950
100046
99904
100001
100005
100002
99905
100055
99961
99968
99997
100006
99948
99999
99949
100016
99953
99999
100005
99914
100009
99958
100003
99815
100105
100006
100007
99954
99994
99957
100008
100003
99961
100007
99957
99964
100012
99850
100159
99804
100093
99996
99954
100001
99953
100050
99959
99846
100054
100005
100004
99965
100008
99946
99993
100002
99957
100000
99959
100010
99957
100014
99968
99961
100005
100000
99963
100013
100006
99962
99946
99987
100037
99948
99990
99945
99991
100003
99783
100189
99950
99956
99839
100134
99987
99989
99881
100038
100033
99986
99991
99895
99997
99987
100038
99950
99938
99998
99958
100006
99885
100050
99984
99934
99996
99988
99945
99890
100026
100044
99948
99951
100049
99887
99948
99992
99946
99847
100138
99950
99937
99997
99950
99990
99944
99996
99936
99990
99884
100036
99993
99944
99947
99956
99957
99995
99991
100000
99914
99960
99991
99956
100000
99932
99941
99991
99955
99953
99956
99955
99951
99999
99958
99952
99946
99953
99954
99996
99961
100004
99907
99857
99999
100007
99803
100164
99839
99961
99960
99952
99907
99998
99904
99950
99955
99806
99944
99908
100096
100003
99857
99956
99904
99937
99957
99907
99949
99956
99911
99911
99960
99907
99912
99912
99959
99902
99854
100009
99901
99757
100104
99914
99908
99952
99911
99906
99951
99897
99895
99944
99890
99994
99898
99899
99927
99802
99999
99950
99860
99963
99959
99905
99901
99950
99895
99902
99943
99894
99901
99948
99900
99897
99955
99961
99855
99753
100054
99935
99900
99917
99953
99913
99892
99940
99901
99908
99746
100101
99862
99956
99946
99807
100004
99909
99897
99914
99907
99885
99950
99907
99901
99906
99904
99951
99850
99943
99902
99953
99901
99884
99891
99904
99758
100054
99908
99953
99904
99890
99902
99896
99946
99902
99938
99953
99750
99951
99993
99754
100054
99912
99950
99896
99944
99902
99852
100003
99901
99905
99953
99962
99853
99909
99799
100061
99849
100058
99904
99946
99902
99944
99953
99900
99954
99952
99936
99942
99895
99959
99907
100005
99897
99953
99947
99842
100048
99916
99952
99953
99947
99941
99986
99854
100001
99963
99855
100042
99942
99956
99896
99956
99949
99960
99947
99956
99963
99946
99960
99958
99950
99955
99958
99957
100003
99908
99993
99954
99947
99951
99996
99990
99953
99948
99955
99950
99993
99954
99997
99949
100006
99945
99995
99954
99951
99998
99996
99990
100052
99949
99951
99997
99998
99952
100047
99973
99993
99995
100002
99988
99990
100037
99991
100004
100004
100011
100002
100004
100005
99999
100041
99985
100033
100050
99959
100057
99997
100001
99900
100147
100102
99956
100039
99994
100039
100048
100003
100007
100060
100006
100006
100069
100019
100055
100005
100058
100058
100011
100059
100011
100146
99912
100099
100054
100015
100105
100009
99906
100198
100060
100006
100103
100013
100107
100008
99960
100145
100010
100104
100055
100059
100055
100052
100058
100107
100057
100054
100056
100056
100163
99909
100211
100002
100109
100046
100094
100056
100104
100048
100092
100094
99998
100212
100032
100091
100052
100100
100095
100097
100094
100094
100095
100040
100089
100047
100200
100088
100095
100046
100129
100086
100134
100090
99994
100205
100084
100088
100037
100173
100124
100077
100137
100085
100088
99937
100291
100076
100143
100087
100089
100093
100145
100089
100088
100153
100093
100098
100142
100044
100144
99933
100282
100075
100136
100134
100051
100091
100143
100090
100127
100131
100084
100072
100133
100080
100087
100127
100123
100120
100070
100081
100091
100105
100096
100139
100084
100138
100094
100089
100089
100092
100056
100156
100050
100040
100185
100071
100090
100042
100183
100101
100055
100079
100136
100077
100071
100134
99934
100238
100079
100079
99979
100229
100040
100089
100091
100051
100158
99998
100102
100096
100051
100054
100096
100040
100091
100087
100045
100064
100059
100048
100049
100051
100055
100153
100044
99994
100087
100044
100048
100054
99938
100183
100085
99880
100235
100052
99999
100054
100061
100000
100054
100055
100057
100055
100047
99998
100047
100051
99944
100132
100082
99985
100054
100040
100051
100071
100023
99986
100052
100034
100054
100035
100034
99996
100058
100058
99998
100007
100049
100006
99995
100047
100010
100058
100005
100002
99942
100108
100007
99960
100112
99962
100093
99944
100052
99994
100048
99953
100011
99998
100008
100095
99899
100004
100030
100005
99953
100037
99999
99948
100002
99998
99992
100003
100006
99946
100006
100055
99942
99998
99953
99987
99990
99947
99991
99958
99993
99996
99940
99993
99983
99989
99930
99980
100050
99893
100033
99894
99983
99996
99990
99930
99944
99985
99935
99986
99932
99836
100126
99988
99845
100038
99944
99935
99990
99948
99951
99990
99938
99939
99983
99927
99935
99976
99925
99975
99931
99826
100074
99984
99929
99932
99875
100030
99980
99933
99934
99883
100032
99889
99982
99976
99924
99936
99937
99854
100090
99692
100128
99929
99947
99931
99919
99971
99930
99932
99929
99921
99772
100120
99930
99921
99925
99977
99882
99932
99977
99918
99874
99975
99924
99922
99932
99975
99863
99970
99924
99974
99873
99970
99929
99920
99930
99925
99974
99915
99927
99928
99866
99975
99974
99977
99876
99928
99729
100175
99926
99926
99926
99927
99935
100027
99833
99915
99932
99920
99879
100032
99928
99924
99929
99974
99773
100077
99919
99928
99974
99926
99924
99985
99870
99983
99928
99878
99975
99973
99880
100027
99882
99938
99925
99931
99976
99920
99926
99963
99879
99972
99932
99925
99927
99980
99880
100026
99878
99930
99926
99931
99980
99878
99980
99924
99934
99889
99924
99980
99930
99887
99787
100087
99922
99931
99927
99883
100026
99732
100070
99930
99879
99926
99930
99915
99873
99975
99930
99926
99930
99927
99884
99924
99776
100073
99930
99877
99979
99931
99920
99735
99964
100042
99864
99933
99877
99779
100075
99830
100029
99869
99927
99918
99928
99827
100021
99826
99974
99883
99932
99928
99874
99925
99880
100015
99882
99874
99926
99883
99931
99890
99884
99929
99942
99851
99898
99973
99889
99942
99894
99922
99894
99931
99946
99876
99887
99987
99888
99925
99945
99883
99833
99985
99896
99935
99878
99927
99934
99878
99925
99876
99982
99883
99986
99872
99927
99934
99892
99890
99929
99891
99925
99945
99846
99900
99895
99892
99947
99988
99899
99888
99939
99901
99925
99928
99942
99890
99935
99936
99896
99897
100001
99855
99900
99929
99729
100128
99948
99928
99901
99932
99932
99893
99956
99896
99980
99898
99908
100003
99903
99848
99949
99960
99915
99957
99913
99961
99916
99959
99901
100001
99848
99894
100007
99898
99950
99898
99959
99902
99955
99948
99945
99946
99902
99950
99941
99911
99950
99900
99958
99952
99905
99945
99943
99854
99991
99945
100009
99903
99996
99893
99943
99889
100009
99904
99995
99905
99950
99935
99933
99951
99903
99951
99949
99850
99982
99977
99896
99991
99832
100029
99921
99969
99930
99933
99894
99878
100021
99978
99927
99773
100097
99935
99978
99901
99894
99987
99988
99928
99942
99936
99939
99927
99871
100028
99926
99986
99927
99932
99987
99932
99983
99928
99927
99822
99948
100100
99931
99982
99941
99987
99873
99986
99989
100031
99939
99935
99893
99987
99988
99936
99980
99979
99784
100089
99840
100084
99998
99982
99880
100057
99985
99829
99937
100145
99938
99982
99983
99976
99879
100024
99789
100229
99937
100042
99898
99996
99988
99883
100089
99991
99937
99994
100000
99993
99987
99989
99996
99994
99947
99993
99943
99882
100186
99945
99990
99907
100097
100002
99898
100049
100032
99984
100036
99985
99991
99994
100032
99894
99947
100097
100047
100052
99903
99994
99999
99997
100001
100053
99981
99984
99988
100042
100001
99996
99855
100137
99995
99995
99995
100003
100038
99948
100043
99999
99982
100051
100005
99952
100053
99996
99976
100039
99997
99994
100045
99938
100038
99949
100037
99995
100038
100012
99955
100029
99985
99993
99999
100058
99981
99936
100077
100039
99999
99947
99998
100024
100032
99969
99977
100076
99989
99992
100043
99994
99803
100248
99952
99994
100099
99983
99994
99997
100003
100051
100004
100045
99949
100048
100051
99943
100077
99993
100035
100008
100003
100044
100030
99983
100034
100094
99997
100045
99997
99997
100049
99807
100207
99955
100125
100000
100045
100077
99994
99900
100146
100026
100040
100097
99991
99850
100147
100138
99972
100084
99922
100130
99982
100092
100070
100029
100024
100084
100032
99984
99974
100171
100032
99944
100038
100122
100082
100041
100047
100070
100035
100044
100034
100025
100088
100041
100085
100029
100046
99974
100089
100070
100076
100029
100093
100035
100043
100036
99894
100237
100035
100096
100045
100053
99852
100137
100180
100053
100038
100089
100039
100038
100046
100039
100097
100043
100096
100027
100093
100005
100045
100134
100030
100027
100159
99997
100032
100082
100025
100089
100119
99980
100072
100077
100031
100081
100033
100083
100092
100086
100044
100040
100140
99988
100097
100047
100131
100027
100047
100085
99935
100087
100182
100043
100037
100146
100085
99937
100188
99988
100090
100229
100042
100037
100128
100052
100074
100082
99996
100217
99998
100095
100081
100093
100040
100083
100080
100092
99976
100229
100031
100151
100131
99898
100210
100103
100048
100089
100108
100050
100054
100154
100058
100092
100097
100050
100107
100011
100149
100155
100055
100092
100109
100065
100103
100100
100100
100055
100144
100045
100100
100096
100143
100053
100108
100092
100097
100088
100046
100136
100096
99949
100048
100293
100055
100107
100093
100055
100105
100107
100094
100047
100107
100092
100045
100042
100209
100048
100086
100086
100050
100101
99951
100200
100160
100041
100040
100104
100057
100049
100098
100082
100104
100047
100103
100055
100095
100047
100094
100100
100093
100047
99967
100197
100037
100041
100143
100038
100147
99891
100037
100234
100097
100043
100038
99994
100159
100052
100095
100052
100089
99995
100148
100048
100108
100004
100111
100058
100105
100054
99903
100200
100101
100052
100060
100104
100054
100058
99953
100213
100054
100108
100010
100103
100102
100044
100043
100098
100107
100063
100053
100104
100101
100008
100106
99906
100251
100060
99906
100218
100054
100095
100099
100051
100063
100098
100087
100049
100094
99998
100103
100098
100050
100098
100043
100101
100047
100098
100036
99996
100040
100193
100051
100010
100140
100053
100053
100047
100099
100043
100102
100047
100044
100106
100037
100041
100085
100090
100092
99999
100097
100030
100041
100139
100005
100099
100044
100057
100049
100091
100055
100053
100102
99994
100051
100049
100051
100048
100104
100110
99953
100044
100095
100043
100044
100060
100056
100039
100091
99996
100093
100045
100047
99988
99993
100145
100043
100039
100040
99996
100102
100054
100006
100047
100045
100006
100058
99851
100192
100050
100043
99945
100093
100010
100050
100055
100034
99992
100081
99992
100046
99994
100003
100052
99944
100145
99997
99985
100031
100001
100047
100003
99998
100037
99992
99992
99982
100092
99941
100066
99995
100005
100008
99833
100185
99771
100248
99954
100040
99996
100004
100052
100038
99944
100040
99986
99985
100039
100039
99979
100029
99988
100045
99988
100037
99986
99992
100033
99992
100043
100004
100051
99995
100003
99995
100009
100006
100005
100094
99857
100094
100005
100043
99996
100038
99798
100179
100004
100049
99987
100038
99995
100000
100058
100005
99986
100047
100034
100040
99993
99992
100042
100036
99982
100027
100089
99933
100047
99996
99848
100192
100036
99987
99950
100107
99996
99985
100058
100043
99786
100248
100031
99994
100042
100031
99878
100130
100077
100032
99940
100038
100029
100053
99996
99991
100048
99987
100037
100039
100041
99996
100096
99947
100040
100029
100024
99979
100086
99996
100040
100029
100048
99950
100048
100090
99954
100042
100001
99988
99997
100117
99998
100037
100003
100039
100025
99845
100149
99985
99983
100089
100079
99992
99995
99938
100088
100035
99839
100190
99999
99889
100146
99850
100145
100034
99998
100047
100042
99945
100047
100008
100050
99997
100005
100003
99942
100031
100076
100041
100005
99992
99931
100089
100044
99890
100085
100031
100037
99942
100085
100028
99991
99943
100133
99988
100035
100025
99932
100086
100035
99986
100044
99988
100027
99980
100081
99991
99979
100093
99986
100038
100034
99845
100095
100091
99947
100096
100002
100051
99975
100040
99990
100026
100036
99943
100032
100088
100034
100033
99934
100022
100037
99990
99997
100038
99889
100185
100041
99940
100035
99847
100204
99996
99994
100045
99999
100005
99960
100094
99988
100035
100045
100003
100043
99990
100002
100040
100033
99985
100042
99991
99993
100113
99993
100012
100044
100001
100044
99995
100008
100033
99983
100045
100036
99992
100039
99993
99896
100187
100003
99997
100007
99999
99980
100097
100009
99999
100054
99996
99997
99990
99902
100188
100039
100019
100030
99997
100027
99881
100185
99975
100076
100022
99988
100076
99882
100124
100028
99977
99976
100125
99986
100036
100031
100028
100025
99925
100125
100026
100079
99973
99929
100173
99966
100034
100073
100028
100028
100025
100029
100022
99979
100129
99981
100067
100025
100021
100078
100027
99977
100118
99824
100218
100092
100024
100027
100074
100032
100028
100026
100082
100028
100079
99979
100073
100033
100080
99979
100085
100136
99982
100098
99939
99931
100230
100136
99990
100030
100045
100023
100081
99881
100227
100024
100071
100038
100037
100071
100037
100083
100041
100031
100025
100029
100074
99878
100225
100027
100091
100094
99991
99879
100198
100042
99937
100181
99988
100090
100003
100099
99996
100085
99895
100242
100006
100052
100106
99951
100101
100046
100085
100045
100046
100098
99998
100056
100045
99946
100153
100053
100104
99995
100072
100043
100053
100112
100047
100096
100000
100100
100006
100095
100050
100013
100096
100100
100099
99999
100093
100049
100069
100060
99961
100163
100049
100053
100057
100092
99977
100180
99976
100047
100098
100042
100045
100079
100027
100078
100085
99991
100107
100049
100049
100046
100050
100061
100056
100046
100004
100107
100046
100034
100037
99999
100089
100049
100091
100006
100000
100065
100051
100053
100056
100037
100039
100045
100043
100043
100049
100047
100056
100010
100060
100008
100053
100002
100109
99997
100041
100044
100048
100044
99989
100092
99988
100034
100037
99982
100098
100000
100057
99993
100088
99993
99988
100082
100029
99997
100035
100020
100029
100034
99945
100089
99994
100090
100001
100051
99995
100035
99993
100036
99986
100037
100046
99995
100071
99994
100040
99998
100061
99904
100105
100044
99992
100035
99997
99998
100098
100027
99948
100048
100038
100030
99998
100060
100041
99995
100045
100036
100038
99991
99990
100049
100045
99948
100101
99998
100004
100038
100081
99989
99994
100033
99986
100089
100000
100050
99947
100047
100052
99907
100137
100060
99990
100050
100002
99955
100106
99996
100051
100050
99991
100053
99942
100096
99853
100195
100006
100053
100050
100048
100002
99984
100079
99987
100054
99998
100048
100051
99998
100053
100057
99849
100140
100048
100048
100041
100031
99998
100051
100044
100043
100001
100057
100004
100015
100097
100042
99947
100056
99999
99956
100156
99954
100054
99999
99946
100145
100003
100042
99989
100054
100048
100003
99991
100053
100000
99865
100199
100011
100058
100056
99950
100063
100006
100055
100067
99960
100003
99853
100164
100010
99996
99948
100199
99998
99999
99947
100111
100009
99997
100003
100046
100088
99944
100061
99946
100002
100038
100055
100001
100040
99993
99999
99896
100188
99986
100036
99993
100000
100001
100049
100038
99982
100028
100032
99935
100041
100024
99988
100079
99992
100038
100023
99832
100086
100138
99990
99987
100038
100034
99992
100039
99999
99997
100054
100033
99990
99998
100029
100034
99988
100042
99980
100020
100027
99985
100038
99945
99995
100078
100034
99838
100252
99994
100044
100000
100009
99855
100108
100110
99993
100005
99856
100200
99954
100055
100043
100040
99950
100056
100003
100046
100004
100042
100007
100044
100013
99997
99989
100096
99990
99992
99953
100011
100104
100002
100013
99956
100101
99997
100038
100002
99944
100138
100026
99983
100042
99998
100044
100046
99980
99982
99931
100180
99981
100020
100020
100023
100025
100026
100022
99980
100021
99872
100130
100022
99976
100026
99974
100023
100020
100029
99978
100031
99984
100028
100035
99941
100076
99885
100143
99980
99988
99982
99932
100127
100038
99936
100035
100030
99977
100028
99972
100034
100084
99839
100026
100089
100044
99984
100039
100000
99947
100079
100029
100035
100042
100039
99978
99990
100034
100029
100027
100003
100046
99974
100045
99989
100081
99946
100032
99939
100076
100029
100039
100035
99927
100118
99974
100029
100023
99892
100176
100040
100022
99974
100025
100074
99976
100021
99935
100124
100021
100037
99988
100072
99976
100037
100035
99982
100019
100026
100037
100068
99979
100033
99988
99936
100142
99889
100142
99988
100038
100005
100098
100012
100036
99987
100025
99886
100175
100027
100047
99936
100090
100089
99980
100019
100026
100024
100021
100075
99978
100026
100019
100076
99977
100023
100028
100034
100026
100118
99971
99925
100122
100021
100028
100026
100020
100085
100016
100025
100030
100036
99926
99980
100134
100076
100020
100023
100031
100022
100040
100029
99979
100072
100028
100031
100022
100021
100024
100078
100026
99977
100023
100027
100023
100028
100028
100029
100076
100021
100023
100035
100039
99976
100034
100072
99971
100033
99973
100072
100027
100023
100026
100023
100023
100021
100024
100017
100025
100024
100025
100022
100034
99981
100023
100021
100029
100025
99974
100025
100028
99823
100028
100170
99975
100035
100020
99986
100024
99789
100219
99979
100024
99970
99983
100027
99984
100021
99987
99981
100024
99973
99975
100078
99931
99985
99977
100019
99984
99973
99977
99987
99883
100073
100028
99985
99974
100023
99880
100025
99987
99985
100030
99929
100032
99968
100022
99921
99969
99974
99974
99976
99968
99976
100015
99972
99980
99967
99923
99978
99981
99921
99970
99976
100026
99921
99933
99980
99982
99985
99929
99972
99975
99930
99988
99925
99941
99994
99974
99976
99935
99983
99978
99975
99926
99939
99980
99981
99984
99926
99983
99942
99975
99974
99970
99821
100079
99980
99973
99940
100000
99987
99983
99885
99985
99935
99974
99978
99926
99917
100030
99973
99832
100124
99972
99980
99928
99978
100019
99922
99971
99972
99926
100020
99970
99831
100089
100043
99978
99885
100085
99944
99984
99983
99993
99996
99946
99971
99994
100002
99938
99998
99987
100038
99887
99984
99990
99925
100034
99878
100095
99972
100016
99979
99978
99967
99976
100052
99917
99973
99966
99887
100117
99972
100029
99981
99972
99984
99922
100072
99981
99971
99880
100074
99929
100021
100031
99966
99978
100022
99979
99983
100019
100027
99925
100028
100025
99934
99983
99982
100029
100042
99844
100100
99992
100029
99933
100035
100023
99986
99982
100028
99987
100023
99884
100125
99941
99927
100032
100026
100030
99945
100033
100033
99940
100022
99931
99923
100073
100025
99983
99980
99983
99925
100021
100024
99935
99971
100025
99968
99971
100028
99975
99978
99977
99983
99981
99841
100131
99996
99981
99984
99982
99987
99971
99971
99967
99972
99932
100024
100040
99934
99980
99980
99874
100132
99929
99879
100074
99976
99976
99976
100078
99875
99983
100026
99928
99834
100176
99977
99969
100026
99975
99970
99980
99975
100021
99976
100024
99976
99976
99972
100069
99921
99976
100034
99978
99971
100021
100026
99941
100028
99980
99976
99977
100023
99973
99937
100073
99972
99982
100028
99983
99882
100172
99881
100027
99838
100124
99983
99876
100124
99979
99971
100026
99986
99992
99972
99981
99985
99985
99978
99917
100024
99970
100018
99969
99987
99780
100183
99989
99985
99929
99888
100032
99979
99970
99977
99970
99973
99981
99976
99974
99933
100031
99924
99923
100020
99792
100134
99991
99986
99935
99976
99931
100028
99971
99972
99975
99963
99982
99973
99981
99921
99982
100028
99971
99976
100023
99932
99974
99973
99971
99974
100028
99920
99920
100068
99977
99918
100021
99980
99923
100028
99922
100023
99978
99771
100171
99977
99963
99976
99969
99980
99979
99884
100023
99970
100027
99961
99876
100025
99973
99979
100021
99922
100028
99930
99975
99974
99972
99974
99974
99972
99976
99930
99977
99973
99934
99938
100109
99923
99925
99976
99971
99972
99978
99983
99972
99983
99816
100137
99971
99988
99917
99944
100089
99928
99981
99987
100029
99940
100077
99889
100028
99943
100026
99984
99991
99949
100029
99982
99990
100028
99902
100039
100042
99993
99987
99992
99986
99977
99882
100086
99888
100148
99998
99959
100088
99950
99998
100032
99937
100029
99982
100035
99979
99928
99994
99989
100034
99998
99944
100039
99932
100042
99979
99987
99990
100046
99949
99989
99972
100040
99980
99990
99797
100186
99989
99989
100037
99904
100036
100002
99985
99885
100093
99941
99794
100192
100048
99953
99994
99949
99843
100150
99997
99995
99944
99957
100053
99945
99994
99990
100004
99952
99997
99993
100000
99999
99950
100003
99945
99999
99987
100040
99932
99985
99999
99985
99940
100002
99999
99988
99995
99958
99982
100001
99980
99970
99996
99991
99945
99993
99958
99994
99998
100003
99998
99802
100036
100093
99983
99977
99941
100031
99932
99984
99900
100084
99990
99989
99998
99942
99992
100000
99990
99988
99975
99977
99987
99985
100030
99945
99978
100080
99926
99944
100018
99984
99978
100031
99912
100034
99783
100178
99981
99977
99983
100040
99934
100030
99991
100034
99934
99976
100033
99791
100188
100045
99945
99940
100024
100015
99977
99973
100032
99978
99946
100039
100043
99943
100030
99998
100035
99937
99975
100072
99904
100027
99835
100128
99990
99985
99987
99981
99933
100026
99983
100041
99924
99988
100029
99972
99988
99926
100070
99977
99986
99938
99889
100039
100075
99984
99972
99972
100037
99928
99988
100026
99990
99947
99784
100187
100033
99986
99999
99945
99988
100004
99990
99994
99999
99987
99988
100001
99948
99991
99984
99987
99989
100096
99906
99993
99983
99992
99986
99997
99991
99974
99985
99996
99990
100045
99987
99947
99991
99983
99995
99943
100082
99943
99988
99995
99981
100033
99990
99985
99969
100031
99989
99987
99987
99984
99980
99995
99996
99999
99897
99953
100097
99985
99987
99989
99899
100100
99999
99995
99901
100030
99983
99987
100036
99976
99939
99884
100134
99936
100021
99926
100020
99930
100029
99971
99973
100021
100020
99929
99975
99981
99981
99870
100071
99931
100022
99976
99929
100078
99966
99977
99975
99977
99971
100024
99971
99972
99972
99830
100072
100020
100026
99932
100026
99892
100031
99976
99891
99933
100119
99979
99977
99981
99976
99987
99836
100078
100044
99933
99985
99832
100085
99983
99978
99784
100185
99985
99939
99994
99997
99897
100004
99993
99991
99979
99988
99942
99972
99953
100001
99942
100031
99951
99936
99998
99896
100045
99891
100001
99998
99982
99933
99996
99941
99942
99990
99937
99939
99984
99989
99894
99981
99976
99946
99953
99982
99942
99886
100041
99903
99954
99951
99999
99851
100035
99935
99938
99995
99886
99994
99924
99950
99946
99952
99947
99795
100002
100052
99953
99961
99753
100140
99955
99896
99894
99998
100001
99944
99802
100045
99952
99958
100006
99844
99950
99891
99999
99999
99889
99933
99835
100044
99785
100088
99933
99928
99973
99929
99925
99930
99968
99939
99934
99939
99888
99993
99947
99888
99949
99941
99954
99910
100008
99900
99933
99885
99992
99949
99947
99949
99937
99949
99950
99963
99951
99904
99850
99905
100107
99949
99904
99847
100043
99985
99946
99894
100000
99748
100187
99902
99933
99976
99930
99979
99933
99929
99946
99900
99991
99979
100031
99872
99934
99994
99943
99936
99986
99939
99977
99936
100034
99929
99984
99936
99925
100031
99934
99874
100077
99830
100084
99987
99986
99931
99942
99837
100135
99983
99992
99947
99993
99996
99978
99941
100033
99945
99986
99999
99887
100110
100041
99922
99984
99984
100023
99980
99948
99989
100022
99984
99980
99929
100069
99976
99984
100042
99880
100076
99974
100024
100024
99982
99974
99989
99996
99987
100022
99827
100131
100043
99974
100025
99978
99977
100029
99978
100079
99985
99933
100032
99983
100025
99983
99979
99839
100174
99996
99988
99981
100027
99989
99992
99982
99992
100001
99937
100039
100045
99977
99980
100029
99979
99967
100077
99977
99931
99994
99992
99989
99990
100036
99940
99996
99990
100023
99792
100145
99994
99802
100129
100030
99996
99949
99993
99994
99941
99982
100025
99887
100098
99939
99943
99944
100027
99987
99935
100029
99934
99987
99982
99826
100036
100023
99990
99971
99932
99979
99970
99981
99934
100041
99890
99940
99984
99980
99975
99933
99970
99940
99988
99933
99936
99951
99997
99896
99989
99945
99937
100039
99885
99945
99941
99960
99798
100145
99955
99994
99905
99941
99949
99984
99984
99891
99999
99751
100138
99941
100026
99986
99933
99985
99891
99995
99948
99950
99983
99894
99985
99947
99994
99906
99993
99947
99993
99938
99974
99935
99990
99938
99949
99941
99952
99946
99998
99944
99937
99951
99942
99945
99955
99892
100040
99889
99983
99936
99896
99948
99951
99940
99947
99947
99958
99897
99949
99952
99786
100081
99989
99907
99902
99949
99905
99939
99948
99895
99954
99955
99878
99910
99953
99944
99892
99934
99939
99897
99982
99842
99989
99979
99901
99837
99992
99804
99990
99940
99936
99930
99880
99938
99926
99889
99941
99834
100006
99903
99893
99838
99988
99894
99738
100101
99879
99938
99871
99973
99838
99949
99890
99890
99896
99900
99940
99892
99902
99742
100041
99892
99995
99846
99943
99841
99897
99902
99780
100048
99888
99938
99851
99931
99878
99874
99987
99897
99893
99929
99886
99939
99889
99846
99979
99897
99896
99892
99942
99939
99740
99989
99952
99949
99832
99981
99896
99893
100027
99842
99946
99928
99875
99945
99827
99782
100124
99927
99930
99925
99788
100129
99827
99929
99971
99872
99975
99832
99976
99934
99929
99936
99925
99934
99931
99945
99938
99927
99979
99819
99988
99935
99937
99981
99944
99936
99930
99930
99984
99893
99939
99974
99974
99930
99972
99947
99897
99972
99978
99982
99878
100029
99931
99999
99927
99975
99977
99993
99996
99890
99979
99981
99937
99977
99932
99986
99987
99982
99985
99936
99991
100037
99892
99993
99985
99940
99981
99976
99919
100024
99982
99970
100031
99935
99981
99891
99984
100028
100025
99973
99922
100023
99975
99974
99880
99931
100115
100015
99978
99930
100026
99982
99981
99982
99951
100021
99982
99980
100030
99926
99972
100018
99981
99980
100028
99889
100045
99993
99988
99938
100075
99995
99942
100046
99950
99991
99986
100037
99942
100041
99989
99981
99929
100034
99984
99988
100084
99937
99994
99991
100027
99977
99975
100047
99997
99998
99956
100040
99988
100034
99995
99998
100041
99890
100038
100086
99986
100036
99896
100138
100083
99926
100080
99982
99992
100086
100030
99979
100036
100032
99895
100198
100009
100052
100044
100001
100048
100051
99999
100087
100045
100020
100093
100035
100021
99876
100186
100131
99979
100123
100041
100073
99840
100276
100018
100085
100031
100019
100175
100021
100084
100083
100124
100023
100080
100072
100085
100170
99981
100176
99980
100169
99979
100182
100077
100147
100135
100019
100120
100074
100137
100096
100129
100089
100144
100094
100132
100086
100183
100127
100078
100126
100082
100179
100093
100179
100094
100139
100108
100136
100100
100141
100137
100145
100088
100189
100145
100084
100177
100137
100176
100080
100122
100145
100137
100182
100172
100072
100174
100172
100137
100127
100176
100132
100126
100170
100127
100178
100133
100090
100175
100179
100090
100181
100176
100142
100144
100142
100175
100088
100233
100129
100178
100185
100130
100121
100168
100180
100123
100228
100034
100212
100181
100129
100183
100133
100029
100276
100232
100129
100172
100123
100179
100131
100179
100243
100029
100189
100193
100129
100187
100178
100152
100149
100036
100280
100193
100136
100158
100150
100149
100053
100095
100351
100207
100137
99993
100292
100187
100088
100233
100153
100131
100138
100186
100133
100173
100078
100233
100136
100079
100239
100182
100097
100156
100105
100196
100139
100134
100174
100083
100194
100135
99938
100282
100178
100178
100080
100147
100142
100129
100129
100142
100145
100175
100091
100135
100132
100139
100138
100035
100187
100133
100148
100095
100092
100130
99940
100341
100131
100091
100089
100148
99951
100305
100050
100139
100141
100088
100136
100049
100100
100041
100198
100106
100096
100099
100092
100134
100080
100142
100046
100138
100086
100074
100138
100027
100129
100087
100084
100073
100079
100087
100076
100029
100126
100071
100085
100075
100083
99986
100137
100075
100031
100082
100142
100031
99985
100180
100036
100074
100034
100032
100040
99983
100132
100038
99924
100183
100088
100031
100041
100056
99921
100141
100023
100031
100029
100036
100025
100023
99969
100076
100087
99979
100078
99793
100239
100029
99979
100031
100068
99978
99976
100036
100034
99925
100081
100027
99952
100028
100034
99976
100026
99977
99971
100033
99934
100078
99932
99972
99988
99986
99971
99985
99934
100018
99989
99978
99985
99975
99828
100123
99975
99980
99922
99974
100021
99941
99979
99982
99941
99972
99930
99926
99829
99990
100079
99979
99932
99845
100124
99929
99946
99987
99790
100032
99983
99949
99931
99929
99979
99873
99980
99987
99932
99904
99941
99941
99948
99905
99944
99950
99940
99934
99938
99987
99897
99948
99917
99929
99935
99933
99900
99972
99974
99924
99822
100019
99879
99942
99938
99925
99887
99786
100122
99930
99732
100068
99981
99938
99883
99995
99889
99935
99947
99900
99945
99937
99929
99881
99920
99939
99969
99886
99937
99926
99881
99927
99940
99914
99920
99931
99933
99925
99936
99880
99982
99888
99815
100033
99929
99983
99862
99892
99936
99934
99929
99941
99948
99833
99984
99924
99925
99926
99921
99915
99977
99875
99882
99931
99974
99878
99924
99931
99940
99887
99931
99930
99917
99926
99881
99980
99828
99977
99933
99929
99872
99935
99940
99941
99925
99881
99925
99939
99889
99896
99841
100027
99883
99930
99886
99731
100135
99890
99785
99942
99988
99898
99936
99927
99891
99896
99900
99934
99902
99900
99905
99951
99903
99851
99928
99883
99987
99892
99880
99936
99839
99902
99960
99901
99901
99902
99884
99745
99956
100051
99907
99906
99957
99862
99901
99949
99903
99897
99893
99904
99931
99945
99904
99896
99908
99907
99889
99886
99909
99944
99902
99933
99699
100101
99939
99905
99912
99950
99850
99995
99851
99913
99954
99845
100055
99870
99911
99792
100043
99959
99962
99858
99958
99913
99954
99957
99900
99953
99910
99909
99965
99910
100010
99852
99957
99951
99952
99959
99898
99955
99948
99783
100144
99893
99956
99955
99956
99903
100005
99900
99951
99999
99892
99946
99891
100047
99910
99959
99904
100003
99953
99902
99957
99910
100008
99960
99958
99951
99951
99947
99952
99949
99994
99893
99797
100099
100003
99915
99994
99950
99957
99952
99954
99940
99949
99946
99950
99990
99994
99895
99986
99941
99934
99992
99961
99804
100129
99948
99948
99990
99950
99935
100031
99902
99933
99977
99975
99925
99979
99996
99935
99932
99982
99942
99989
99942
99979
99989
99956
99947
99977
99951
99904
100039
99937
99992
99935
99844
100095
99983
99985
99894
100049
99949
99938
99979
100004
99990
99958
99952
99801
100153
99999
99959
100002
100005
99905
99988
100001
99960
100005
100002
99959
100004
100001
100000
99961
99989
99995
99994
99992
99982
99993
100007
99895
100122
99984
99987
100034
100000
99936
100031
99993
99969
100028
99996
99941
99989
99977
100040
99942
99997
99990
100030
99920
100024
99938
99902
100045
99982
99953
99899
100045
100047
99954
99946
99993
99992
99886
99997
100004
99947
100004
99987
99948
99947
99943
99950
100051
99855
99988
99986
99946
99962
99797
100094
99979
99898
99940
99851
100091
99789
100103
99938
99945
99899
100031
99878
99929
99928
99932
99943
99941
99942
99931
99921
99937
99985
99920
99917
99939
99936
99940
99983
99682
100144
100037
99852
99947
99960
99950
99946
99851
100052
99853
100046
99841
100039
99906
100012
99913
99946
99984
99878
99972
99977
99776
100027
100022
99890
100007
99948
99984
99920
99953
99947
99929
99979
99936
99979
99930
99923
99981
99869
99922
99928
100072
99877
99996
99945
99953
99925
99977
99952
99915
99937
99923
99974
99928
99974
99933
99986
99907
99951
99941
99991
99921
99970
99919
99833
100125
99927
99980
99925
99964
99948
99991
99705
100177
99997
99949
99912
100001
99950
99860
99960
100049
99999
99940
99937
100011
100003
99897
99989
99927
100033
99943
99854
100032
99982
99989
99943
99980
99933
99959
99862
100039
99997
99812
100057
99956
99957
99904
99990
99941
99935
99979
99932
99877
100049
99907
99795
100096
99942
99891
100074
99886
99980
99881
100005
99912
99948
99952
99943
99955
99936
99936
99935
99955
99957
100006
99854
99950
99960
99959
99946
99939
99954
99798
100120
99726
100126
99975
99792
100123
99926
99927
99983
99934
99928
99942
99983
99843
100031
99936
99952
99996
99890
100006
99705
100107
99985
99913
99938
100031
99883
99939
99968
99882
99938
99998
99924
99980
99928
99980
99975
99885
99910
99992
99953
99962
99901
99981
99936
99940
99985
99882
99999
99958
99958
99904
99955
99962
99943
99923
99983
99928
99947
99962
99942
99944
99980
99928
100006
99830
100045
99872
100032
99929
99925
99984
99908
99996
99959
99857
100011
99956
99908
100010
99810
100008
100004
99987
99912
99949
99947
99963
99944
99978
99895
100007
99857
100041
99987
99913
99983
99948
99951
100006
99946
99937
99988
99979
99886
99986
99990
99940
99986
99943
99941
99957
100001
99953
99955
100012
99811
99908
100187
99898
99963
99954
99951
99895
100052
99983
99935
99991
99950
100038
99947
99953
99906
100004
99963
99886
100060
99979
99921
99980
99976
99976
99845
100096
99942
99994
99988
99940
99979
99895
100050
99962
99999
99978
99975
99942
99993
100046
99930
99944
99989
99948
99996
99981
99995
99949
100039
99927
99976
99976
99937
99939
100026
100025
99972
99925
100028
99867
100129
99938
99994
100007
99990
99941
99983
99982
100030
99934
99829
100170
99925
99992
99979
99981
99832
100174
99948
99986
99979
99974
99983
99987
99985
100007
99805
100135
99920
100078
99977
99971
99967
100025
99984
99950
99993
100004
100060
99966
99755
100155
100000
100012
100000
99979
99975
99983
100004
99998
99905
100007
100110
99985
99984
100007
99906
100042
99999
100007
99947
99854
100105
99985
100025
99982
99974
99880
100064
100000
99983
99976
99972
99935
100031
99979
99970
99939
99991
99853
100153
99902
100075
99971
99934
99982
99968
99973
99984
99921
99983
99979
99929
100019
99835
100032
100030
99979
99925
100017
99925
99968
100020
99942
99963
99963
100004
99949
99998
99803
100047
99879
100039
99987
99942
100001
99907
100001
99941
99953
99953
99941
99932
99984
99979
99854
99949
99995
99975
99914
99983
99933
99937
99945
99797
100102
99899
99985
99896
99946
99950
99942
99994
99846
99944
99990
99734
100102
99888
99999
99958
99803
99946
99949
99914
99845
100045
99951
99889
99946
99940
99843
99836
100079
99888
100041
99844
99943
99889
99813
100034
99949
99901
99953
99946
99890
99898
99942
99938
99789
100057
99847
99999
99849
100008
99896
99943
99848
99959
99939
99944
99943
99904
99940
99941
99892
99945
99893
99942
99939
99879
99950
99952
99906
99941
99903
99899
99901
99787
100081
99929
99937
99842
99934
99892
99999
99897
99902
99904
99948
99899
99903
99945
99835
99943
99953
99908
99902
99909
99893
99787
100026
99973
99845
99940
99886
99895
99939
99893
99948
99850
99903
99953
99902
99893
99895
99948
99906
99867
99907
99904
99799
100003
99901
99904
99905
99899
99940
99848
99900
99949
99850
99997
99857
99896
99903
99939
99890
99847
99956
99905
99902
99937
99847
99909
99903
99994
99841
99895
99942
99886
99930
99897
99902
99900
99791
100041
99882
99918
99883
99888
99841
100034
99834
99999
99852
99943
99800
99997
99879
99944
99896
99790
100044
99886
99802
100041
99688
100107
99994
99798
99946
99894
99851
99901
99948
99899
99951
99884
99897
99939
99893
99903
99892
99948
99904
99836
99983
99921
99881
99889
99983
99886
99936
99882
99944
99952
99858
99887
99952
99901
99941
99956
99842
99952
99905
99941
99844
99857
100096
99856
99902
99947
99849
100046
99895
99883
99812
100035
99941
99948
99906
99901
99955
99857
99989
99907
99949
99906
99939
99902
99950
99953
99906
99902
99947
99740
100098
99983
99931
99882
99952
100002
99848
99948
99909
99801
100101
99902
99947
99950
99896
99996
99804
100033
99945
99834
100037
99931
99920
99978
99972
99886
99986
99951
99904
99991
99932
99937
99946
99956
99996
99885
99941
99951
99987
99923
99984
99829
100072
99891
100001
99945
99948
99948
99799
100103
99996
99902
100002
99950
99950
99997
99954
99949
100013
99894
99985
99893
100001
99985
99996
99847
100092
99995
99949
99992
99952
99949
99892
100044
100042
99945
100042
99954
99947
100051
99956
100006
99984
99949
99911
100099
99997
99990
99988
100006
99948
100006
99984
100004
100004
100004
100002
100002
99966
99999
100014
100009
99958
100055
99959
100003
99995
100057
99999
99988
100007
99906
100099
99995
100000
100006
100041
99990
100042
99995
99992
100043
100040
99995
99956
100147
99954
100004
99909
100149
100043
99959
100060
100044
99999
100063
100007
100040
99998
100098
100004
100046
100003
99939
99982
100156
99935
100130
100030
100039
100044
99977
100146
99990
100042
100007
100045
100045
100008
100047
99905
100204
100010
99958
100105
100066
100054
100047
99996
100051
100048
100042
100055
100050
100054
99952
100092
100006
100045
99900
100201
100043
99997
100056
100058
100002
100060
100047
100042
100001
100049
100058
100009
99844
100249
99949
100105
100007
100045
99995
100092
99901
100146
100002
100047
100038
100038
100038
99984
100056
99993
100053
100002
100048
100003
100046
100010
100051
99990
100050
99963
100008
100053
100011
99959
100054
100002
100011
100037
100004
99998
100054
99957
100055
99960
100011
100008
99911
100111
100000
99992
100005
99995
100014
99962
100007
100007
100011
100005
99950
100005
100002
99957
99845
100096
100044
99952
100003
99957
99996
99946
99934
100055
99944
99943
99981
99742
100202
99949
99945
99948
99949
99939
99946
99925
99935
100028
99926
99783
100096
100046
99804
99994
99881
100040
99993
99847
99943
99941
99947
99755
100091
99947
99940
99878
99918
99846
99941
99944
99947
99900
99933
99945
99890
99939
99951
99847
99943
99897
99928
99902
99863
99948
99961
99857
99954
99889
99890
99897
99947
99854
99911
99909
99914
99904
99896
99906
99950
99842
99897
99903
99906
99962
99857
99866
99860
100001
99902
99794
100016
99911
99914
99915
99658
100072
99909
99899
99902
99744
100063
99915
99859
99913
99913
99907
99861
99903
99901
99894
99903
99908
99892
99891
99913
99889
99899
99900
99909
99944
99848
99891
99890
99902
99891
99838
99943
99987
99896
99831
99898
99888
99924
99881
99902
99898
99926
99880
99924
99877
99923
99785
100093
99837
99885
99941
99889
99940
99903
99888
99887
99897
99952
99939
99878
99977
99884
99892
99954
99901
99988
99843
99903
99958
99899
99940
99804
99942
99997
99927
99942
99948
99886
99943
99931
99927
99943
99900
99951
99898
99943
99939
99939
99954
99944
99901
99944
99896
99987
99925
99945
99936
99945
99984
99894
99842
100044
100001
99805
99998
99980
99928
99935
99935
99942
99949
99937
99945
99954
99946
99947
99905
99963
99956
99895
99946
99942
99999
99944
99942
99925
99942
99996
99900
99933
99898
100006
99953
99900
99959
99956
99956
99948
99855
100008
99952
99942
99953
99946
99694
100153
99936
99957
99909
99852
100098
99951
99897
99989
99906
99953
99947
99954
99957
99895
99986
99955
99809
100064
99900
99955
99959
99955
99896
99952
99949
99956
99908
99958
99960
99959
99912
99852
100009
99951
99957
99960
99900
99954
99957
99992
99803
100056
99901
99944
99949
99999
99903
99803
100082
99945
99937
99954
