100040
100018
99977
100072
100076
100027
100032
100023
100030
100024
100032
100025
100030
100072
99977
100073
100024
100071
100023
100032
99974
100072
100029
100069
99981
100026
100068
99827
100277
99868
100176
100022
99972
100074
100080
99970
99974
100124
99976
100022
100073
100027
100026
100025
99882
100174
100027
100078
99971
100029
100021
99974
100084
100019
100078
100023
100021
99921
100025
99925
100227
100021
100029
100032
100035
100077
99817
100177
100025
100022
100021
100030
99979
100025
100080
99969
100075
100029
99969
100027
100078
99972
100025
100027
100015
100022
100034
99872
100171
100027
100023
100028
99982
100024
100021
100028
99980
100070
99927
100124
100026
99977
100025
100029
99966
100080
100026
100027
100019
100020
100028
99967
100081
100025
100078
99976
100027
99817
100183
100028
100024
100020
100077
99978
100029
100021
100018
100015
100020
100022
100022
100025
99971
100026
100029
99985
100083
99979
100028
100021
99980
100075
99983
100035
99982
100026
99826
100177
100080
99969
100031
99976
100034
100079
99929
100028
99985
100040
99996
100021
100037
99935
99988
100033
100031
99973
100087
99892
100135
99962
99987
100068
99981
99976
100039
99926
100078
99984
100030
99939
100089
100037
99939
100043
100042
100045
99923
99925
100130
100033
100016
100023
99974
100120
99979
99980
100022
100070
99875
100124
100031
99976
100022
100029
99875
100173
99972
100078
99981
99894
100176
100001
100077
99975
100038
100032
99995
99990
100039
100042
100088
99992
100035
99994
100047
99991
100029
100080
100028
99989
100091
99998
100044
100049
99989
100033
100003
100041
100042
99992
100095
99985
100034
100030
99981
100077
100029
100026
100072
99978
100028
100029
100041
99926
100128
100030
100038
99987
100035
100036
100033
100031
99974
100081
100086
100027
99974
100029
100079
100027
99978
100078
100024
99980
100073
100028
99974
100121
100026
99977
100071
100025
100024
100080
100023
100027
100030
100039
100038
100031
100033
99998
100038
100037
100045
100037
100089
99935
100077
100022
100134
99979
100021
100032
100070
100024
100023
100030
100019
100026
100022
100074
100016
100023
100023
100019
100082
100022
99976
100069
99977
100078
100025
100031
100023
100019
99980
100082
100019
99927
100130
99832
100247
99982
100085
100001
100047
99929
100128
100042
99892
100194
99992
100002
100052
99999
100094
99953
100096
99988
100044
99996
100040
100045
100000
100042
100042
100038
99996
100032
99987
100153
99947
100004
100096
99946
100001
99986
100108
99995
100036
100035
99950
100055
100002
99944
100159
100009
99954
100101
99956
100010
100059
100014
100064
99857
100153
100014
100045
100003
100000
100053
99959
100058
100008
100002
100061
100008
99956
100096
99954
100057
100010
100004
99997
100056
99999
100016
100009
100042
100013
99951
100053
100065
99993
99950
100002
100002
100054
99791
100201
100038
99996
100001
99994
100042
99940
100003
100006
100007
100000
99851
100162
99996
100002
99999
99990
99983
100034
99983
100003
100002
99985
100038
99997
99978
99995
100026
99979
100004
99993
100003
100004
99798
100150
100013
100037
99987
100019
99925
100038
99937
100054
100033
99993
99890
100106
99989
99947
100047
100010
100005
99943
100055
99836
100161
99795
100197
100000
100008
100008
99938
100062
100000
99995
99989
100036
99989
100006
100001
99996
100001
100046
99996
99996
100008
99890
100114
100000
100035
100048
99997
99989
99987
99989
100048
100004
99993
100003
100093
99957
99989
100099
99896
100052
100007
100007
100056
99998
100003
100045
100037
99887
100146
100002
100051
100002
100009
100062
100008
100054
99992
100038
100050
100014
100050
100003
100049
99959
100110
100008
100046
100006
99900
100214
100009
100051
100056
99988
100085
100038
100082
99848
100166
100036
100033
100034
100041
100023
100039
99995
99945
100125
100032
100045
99946
100093
100043
99985
100038
100041
100026
100038
99991
100053
100003
100006
100050
100101
99950
99845
100242
99989
99991
100049
99995
100048
100013
100041
99991
100090
99944
100039
99977
100043
100040
99991
100033
100047
100056
99956
99995
100041
99994
100043
99999
100004
100048
99984
100073
99994
99989
100033
100039
99894
100100
99992
100046
100000
100056
100043
99957
99996
100084
100029
100041
100043
99992
99998
99948
99949
100207
99988
100053
99949
100140
100008
100010
100047
100001
100047
100029
100039
100042
99986
99948
99942
100189
100076
99895
100141
100050
99902
99996
100108
100096
100091
99963
100102
99988
100102
99997
99996
100054
100045
100005
100052
100042
100051
99982
100079
100047
99998
100046
100053
99901
100145
100050
99994
100001
100055
100050
100008
100047
100006
100049
100042
100000
100057
100002
100041
100001
100048
100054
99889
100106
100042
100045
100002
100012
100096
99857
100102
100051
99998
100006
100043
99942
100152
100001
100004
100000
100000
99954
100093
100055
100006
99993
100036
99998
100037
100043
99998
100043
99989
100049
100042
99997
99999
100042
100034
100041
99995
100032
99947
99997
100182
99970
100055
99989
100080
99902
100095
100041
99991
100033
100039
100101
99843
100098
100101
100003
99906
100050
100152
99952
100090
100044
100043
99991
100041
100036
100028
100036
99999
100041
99992
99911
100103
100102
99901
100153
100003
100102
100006
100003
100005
100057
100054
100004
100050
99808
100259
99956
100103
100009
100066
100006
100058
100009
99999
100055
100008
100056
100013
100010
100011
100095
99996
99999
100100
99954
99906
100151
100001
100015
100055
100005
100057
100007
100062
99998
100049
100008
100111
99960
100014
100058
100012
100009
100058
99864
100155
100045
100047
99861
100104
100104
100011
100007
100054
99973
100052
100054
100000
100054
100012
100011
100056
100005
100055
100013
100052
100063
99858
100156
100069
100004
99951
100057
99999
100061
99957
100052
99903
100157
100008
100054
100010
100015
100056
99996
100053
99999
99953
100107
100004
100010
100059
100011
100013
100047
100006
100000
100057
99807
100207
100050
100103
99908
100050
100050
100000
99951
100123
100004
100002
100068
100025
99903
100114
100063
99957
100056
100061
100007
99955
100100
100008
100048
100007
100005
100056
99997
100002
100059
100012
100053
100008
100060
99959
100013
100009
100007
100104
100004
100055
99995
100007
100004
100060
100007
100051
100004
99993
100058
100055
100013
99992
99999
100054
100025
100010
99854
100099
100117
100006
100004
100057
99961
100052
100053
100011
100005
100010
99950
100113
100009
100009
100058
100004
100001
99912
100156
100012
100053
100004
100003
100059
100002
100007
100005
100063
100004
100107
99951
100056
99857
100211
99959
100052
100053
100006
100001
100003
100113
100005
99899
100117
100057
100053
99955
100050
100052
100059
100009
100005
100014
100063
100052
100006
99792
100203
100058
100049
100054
99998
99958
100107
100009
100059
100011
99958
100150
100002
100041
100053
100000
100012
100110
99959
100007
100096
100052
99963
100053
100003
100057
100009
100063
100011
100052
99956
100108
100007
100054
100001
100055
100007
100054
100062
100020
99963
100107
100010
100008
100046
100044
100058
100065
100009
100050
100058
100011
100000
100151
100008
99994
100037
99942
100002
100205
100050
100007
100047
100060
100011
100014
100055
100047
100057
100007
100062
100059
100006
100010
100066
100108
100011
100014
100104
99955
100056
100061
100050
99999
100104
100001
100041
100053
100010
100054
100008
99960
100142
100051
100003
100062
100049
100000
100111
100002
99904
100163
100055
100002
100054
100050
100101
100005
100008
100055
100047
99996
100032
100100
100054
99999
100050
100057
100011
100000
100096
100002
100050
100052
100057
100048
100010
100058
100059
100015
100010
100053
100058
99996
100061
100059
99910
100203
100058
99917
99967
100148
100045
100146
99959
99952
100104
100060
100069
100056
100004
100056
100051
100056
100100
99910
99996
100107
100066
100011
100054
100056
100057
99998
99956
100109
100058
100066
100052
100049
100001
100053
99953
100110
100018
100101
100048
99995
100042
100048
100050
100043
100052
100045
100053
100011
100066
99950
100142
100009
100051
100053
99998
100090
100049
99955
100044
100157
99997
100007
100049
100094
99996
99859
100306
99945
100046
100046
100053
100044
99896
100180
100037
99996
100032
100094
100004
100052
100047
100038
99995
100054
100042
99995
99996
100106
99997
100042
100084
99983
100040
99982
100031
99989
100083
100038
99999
100051
99897
100148
99851
100101
100092
100034
100002
99905
99988
100185
99992
100033
100003
100038
100003
100005
100054
99956
100051
100063
100006
99994
100065
100005
100004
99955
100104
99960
100058
100073
99851
100157
100009
100003
100001
100055
99999
100051
100003
100012
100052
100004
99954
100101
100003
99999
100055
100009
100010
100005
100002
100006
100056
100007
100002
100098
100005
100011
99965
100009
100009
100058
100014
99957
100057
100059
100009
100007
100005
99856
100157
100051
100000
100055
99958
100154
99953
100047
100049
99960
100043
100010
100059
100049
99997
100090
99991
100045
100053
100001
100005
100051
100052
100004
100050
100050
100007
100096
100005
100057
100054
99992
100054
100052
100047
100004
100061
100104
100012
100056
100002
100102
99995
99951
100161
100002
100108
99901
100209
100057
100052
100057
100005
100107
100009
100097
100059
100058
99954
100153
100051
100148
99803
100252
99911
100205
100053
100102
100007
100103
100052
100050
100086
99895
100209
100058
100059
100056
100150
100055
99947
100161
100047
100051
100113
100051
100058
99955
100176
100089
100088
100004
100103
100001
100103
100150
100060
100060
100055
100199
100011
100058
100065
100157
99892
100202
100112
100005
100151
100060
100054
100062
100103
100056
100107
100069
100056
100050
100110
100060
100058
100054
100049
100115
99906
100207
100055
100002
100111
100052
100067
100062
99960
100154
100009
100066
100064
100012
100062
100056
100003
100058
100102
100008
100011
100053
100005
100050
100052
100051
99913
100153
100009
100003
100121
100004
100049
100057
99998
100056
100010
100061
99911
100156
100000
99957
100150
100002
99900
100155
100056
99961
99913
100057
100145
100057
100060
100014
100007
100058
99998
100051
100003
100102
99819
100214
100049
100000
100005
100005
100058
100057
100053
100005
100009
99959
100104
100009
100051
100050
100010
99914
100206
99953
100049
100052
100060
100008
100060
100009
100006
100056
100051
100052
100011
100113
100014
100007
100050
100006
100059
100056
100057
100004
99911
100204
100104
99961
100058
100052
100005
100057
100106
100010
100055
100065
100015
100063
100067
100061
100052
100050
100047
100053
100048
100050
100001
100102
100050
100045
100045
100053
100001
100044
100054
100048
100055
100049
100052
100056
100044
99913
100158
100049
100007
99902
100201
100046
100096
99847
100152
100055
100052
100053
100002
100006
100051
100050
100010
100046
100041
100004
99997
100096
100003
100049
100062
100000
100013
100043
100006
99958
100106
100006
100049
100048
100006
100000
99956
100107
100049
100050
99999
99951
100056
100092
99964
100048
100039
100034
99902
100142
99994
100005
100046
100033
99993
99949
100101
99991
99981
100028
100028
99978
100044
99844
100137
99992
100048
99991
99995
100043
99988
99997
100002
99997
100002
99997
100048
99943
99996
99994
99840
100190
99951
100000
99961
100052
99900
99940
100047
99998
100001
100003
99998
99938
99996
99953
99996
99944
100000
99985
99984
100006
99953
99992
100002
99905
99894
100105
99799
100096
99855
100090
99954
99955
100046
99941
99948
99996
99948
99994
99896
99995
100052
99906
99958
99949
99995
99954
100006
99954
99951
100048
99857
100000
99944
99998
99950
99990
99954
99916
100017
99907
100007
99956
99958
99910
100059
99900
100013
99906
100008
99960
99958
99949
99952
100000
99948
99951
99958
99951
99952
99954
99948
99994
99958
99999
99896
99953
99953
99958
99939
99993
99960
99935
99959
99953
99963
99959
99906
99958
99960
99960
99962
99904
99957
99962
100011
99861
99862
100007
100007
99898
99949
99957
99903
99991
99852
100002
100005
99861
99958
99958
99901
99961
99965
99912
99910
99953
99852
100009
99907
99960
100006
99911
99909
99964
99955
99910
99955
99911
100000
99908
99902
99945
99947
99955
99901
99956
99959
99902
99965
99853
100051
99911
99912
99854
100001
99958
99912
99957
99897
100011
99910
99963
99908
99955
99949
99856
100013
99906
99951
100002
99908
99917
99957
100006
99809
100068
99897
99961
99964
99956
99909
99954
99957
99912
99958
99958
99853
100002
100004
99905
99959
99959
99959
99850
100001
99957
100007
99902
99957
100001
99902
99905
99958
99951
99956
99809
100112
99905
99961
99806
100059
100004
99903
99952
99961
99960
99908
99911
100011
99918
100010
99908
99959
99959
99963
99909
99954
100014
99862
99950
99998
99849
100011
99916
99952
99956
99954
99812
100107
99951
99909
99959
99858
100012
100005
99953
99957
99900
100006
99906
100013
99957
99945
99960
99952
99813
100106
99957
99906
99955
100005
99952
100016
99908
99910
100008
99957
99998
99961
99852
100002
100100
99907
99959
100003
99959
99955
100006
99959
99949
99997
99996
99901
100004
100000
99960
100012
99816
100056
100004
99964
99955
100011
99952
99958
99859
100107
99963
100010
99958
99951
99958
100000
99967
100009
99961
99966
100000
99957
99957
100010
99960
99955
99908
100101
99954
99956
99895
100047
99998
100059
99905
99958
100013
99957
100008
99956
99993
99896
100051
100013
99961
100008
99951
99998
100007
99959
100049
99949
99953
100005
100005
99989
100008
99997
99965
